0.000000000000000000e+00 0.000000000000000000e+00 0.000000000000000000e+00 0.000000000000000000e+00 0.000000000000000000e+00 0.000000000000000000e+00 1.813382000000000101e-03 3.020258000000000057e-03 2.173326000000000164e-03 9.230570999999999481e-04 2.492955000000000258e-04 4.470240000000000080e-05 5.521886999999999873e-06 5.566240000000000217e-07
0.000000000000000000e+00 0.000000000000000000e+00 0.000000000000000000e+00 0.000000000000000000e+00 0.000000000000000000e+00 0.000000000000000000e+00 1.223706999999999920e-02 1.869863999999999901e-02 1.272210000000000008e-02 5.182014999999999885e-03 1.337080999999999947e-03 2.253420999999999918e-04 2.545261999999999891e-05 2.237595999999999862e-06
8.382881999999999532e-07 0.000000000000000000e+00 0.000000000000000000e+00 0.000000000000000000e+00 0.000000000000000000e+00 0.000000000000000000e+00 1.896049999999999958e-01 1.899419999999999997e-01 1.041590000000000016e-01 3.732657000000000336e-02 8.873077000000000047e-03 1.400633999999999994e-03 1.477643999999999908e-04 1.163221999999999991e-05
2.388971000000000001e-05 2.185115999999999964e-07 0.000000000000000000e+00 0.000000000000000000e+00 0.000000000000000000e+00 9.645362000000000380e-02 3.751539999999999875e+00 1.558140000000000081e+00 6.122429999999999817e-01 1.886919999999999986e-01 4.117714000000000096e-02 6.163842000000000106e-03 6.235378000000000188e-04 4.614392999999999918e-05
1.608984000000000044e-04 3.964921000000000049e-04 6.284810999999999957e-04 1.494504999999999922e-03 1.007735000000000054e-02 3.132079999999999864e-01 2.016610000000000014e+00 1.887580000000000036e+00 1.387089999999999934e+00 4.605449999999999822e-01 1.108350000000000030e-01 1.692582000000000114e-02 1.719623999999999892e-03 1.270447000000000069e-04
1.535514999999999883e-04 1.504608000000000012e-05 3.266783000000000127e-05 5.981863999999999958e-05 1.508411000000000083e-03 3.675712999999999897e-02 1.742350000000000010e-01 1.436429999999999929e-01 1.299080000000000013e+00 5.804230000000000222e-01 1.629440000000000055e-01 2.719275000000000164e-02 2.946601999999999989e-03 2.369737999999999977e-04
1.531488000000000066e-04 5.078479999999999825e-07 3.414782999999999854e-07 0.000000000000000000e+00 4.941281999999999695e-05 3.764948000000000058e-04 1.391200999999999896e-03 9.643761000000000694e-03 1.253139999999999921e+00 5.741960000000000397e-01 1.720810000000000117e-01 3.158089000000000035e-02 3.863684999999999949e-03 3.592444000000000193e-04
1.528330000000000053e-04 3.655833000000000070e-06 0.000000000000000000e+00 0.000000000000000000e+00 1.052289000000000002e-02 1.460974999999999947e-02 1.594722000000000153e-02 5.374058000000000307e-02 1.160709999999999908e+00 5.427279999999999882e-01 1.690580000000000138e-01 3.396111999999999742e-02 4.662135999999999884e-03 4.986784999999999655e-04
1.514834000000000005e-04 1.447111999999999910e-04 4.384848999999999800e-04 7.333639000000000130e-02 8.304840000000000000e-01 9.269519999999999982e-01 9.360180000000000167e-01 9.430709999999999926e-01 9.812260000000000426e-01 4.917599999999999749e-01 1.621160000000000101e-01 3.532360999999999834e-02 5.379736999999999887e-03 6.568737000000000057e-04
1.482192999999999922e-04 1.529761999999999940e-04 1.937761000000000084e-03 1.029769999999999991e-01 7.477639999999999842e-01 8.660170000000000368e-01 8.541250000000000231e-01 8.133329999999999727e-01 7.760639999999999761e-01 4.268959999999999977e-01 1.517400000000000138e-01 3.611783999999999828e-02 6.040577000000000099e-03 8.352831999999999922e-04
1.434376999999999972e-04 2.182541000000000082e-04 4.534548000000000224e-03 1.196780000000000066e-01 6.543189999999999840e-01 8.344049999999999523e-01 7.824290000000000411e-01 7.282549999999999857e-01 6.133760000000000323e-01 3.605729999999999769e-01 1.389509999999999912e-01 3.607120999999999938e-02 6.639833000000000367e-03 1.032839999999999930e-03
1.385345999999999865e-04 3.958453000000000232e-04 8.957348999999999867e-03 1.378389999999999893e-01 5.673460000000000170e-01 7.644130000000000091e-01 6.757379999999999498e-01 6.240670000000000384e-01 4.984509999999999774e-01 3.027290000000000258e-01 1.254170000000000007e-01 3.560292999999999791e-02 7.171181000000000430e-03 1.245217999999999976e-03
1.444058000000000125e-04 9.489532999999999866e-04 1.670856000000000077e-02 1.401840000000000031e-01 4.862130000000000063e-01 6.830340000000000300e-01 6.273600000000000287e-01 5.402930000000000232e-01 4.172310000000000185e-01 2.561539999999999928e-01 1.123060000000000030e-01 3.458606999999999654e-02 7.638297999999999963e-03 1.466293000000000023e-03
1.875760999999999878e-04 2.001653999999999847e-03 2.301612000000000102e-02 1.338610000000000078e-01 4.088570000000000260e-01 6.000849999999999795e-01 5.659729999999999484e-01 4.730759999999999965e-01 3.557529999999999859e-01 2.185149999999999870e-01 9.980097000000000274e-02 3.290888000000000146e-02 7.893142000000000560e-03 1.680190999999999933e-03
2.637612000000000116e-04 2.925810000000000043e-03 2.326309000000000016e-02 1.177929999999999949e-01 3.331279999999999797e-01 5.127310000000000478e-01 5.014950000000000241e-01 4.120269999999999766e-01 3.036030000000000117e-01 1.858219999999999872e-01 8.726098999999999661e-02 3.036600999999999884e-02 7.799524000000000387e-03 1.807657000000000057e-03
3.215725000000000115e-04 3.048580999999999860e-03 2.114751999999999951e-02 9.476220000000000476e-02 2.590219999999999745e-01 4.190769999999999773e-01 4.318830000000000169e-01 3.503279999999999728e-01 2.540410000000000168e-01 1.545660000000000089e-01 7.377609999999999724e-02 2.669180000000000164e-02 7.310731000000000000e-03 1.789014000000000012e-03
3.226149000000000204e-04 2.742698000000000011e-03 1.670759999999999953e-02 6.946700000000000097e-02 1.893120000000000080e-01 3.234580000000000233e-01 3.542580000000000173e-01 2.857299999999999840e-01 2.044839999999999991e-01 1.233080000000000009e-01 5.907306999999999836e-02 2.177629999999999844e-02 6.216408999999999997e-03 1.645502999999999983e-03
2.023570999999999942e-04 1.586731999999999986e-03 8.901664000000000104e-03 3.707288999999999723e-02 1.076089999999999963e-01 2.039960000000000107e-01 2.469469999999999998e-01 2.010119999999999962e-01 1.425869999999999915e-01 8.523627999999999760e-02 4.073662000000000116e-02 1.506468000000000043e-02 4.370286000000000136e-03 1.377570000000000053e-03
